4.931178321214706346e-04 -1.670822238963864514e-03
3.166697245312193737e-03 -6.419163254178940348e-03
5.504236090099920604e-03 -1.757729403157694704e-03
5.720498750941226378e-04 -2.234780411806179447e-03
3.667174818775306711e-03 -5.357411284155911765e-03
4.663595753175655938e-03 -9.407138962850883877e-04
1.054240864765594544e-03 -3.504531642673991247e-03
4.527898871642543552e-03 -5.426421624281283634e-03
4.072891580552169197e-03 -1.423928783942396111e-03
9.069535303527527645e-04 -3.436662251216780067e-03
4.666187099715365764e-03 -4.213803930118997787e-03
3.269184731787105804e-03 -1.299468372339105749e-03
1.383309679136228692e-03 -4.121996147826310387e-03
4.410391642209382512e-03 -3.908509967211758716e-03
2.744510344889253793e-03 -1.641259829756077163e-03
2.197312433954822473e-03 -4.106133344004052332e-03
4.760802412317875765e-03 -3.215677313647669153e-03
2.759755348041220430e-03 -2.195582716516545491e-03
2.695128658933176012e-03 -4.071335907564052267e-03
4.476834617321692744e-03 -2.747595955105145392e-03
2.597579284039413117e-03 -2.429534728163989295e-03
3.019430788144276002e-03 -3.880863912562977896e-03
3.772458658584009177e-03 -2.662229282576587894e-03
2.381798088025751693e-03 -2.991802991522035486e-03
3.316783069012202434e-03 -3.477236036461700715e-03
3.433747335013743324e-03 -2.783960237561161968e-03
2.751607084753409250e-03 -3.195540840808995531e-03
3.233982159039852731e-03 -3.771940783065843607e-03
3.467959576018082250e-03 -2.554086248544523187e-03
2.491324873841820140e-03 -3.053281467867940708e-03
3.050493718293010616e-03 -3.775818971904963857e-03
3.415912425189954107e-03 -2.624440605759797811e-03
2.361447186885846667e-03 -3.037168309527903554e-03
3.144937096360383641e-03 -3.373046430933582859e-03
3.167075821399443786e-03 -2.640238699997530473e-03
2.376554634721201285e-03 -2.496332591519058106e-03
2.795778844863843447e-03 -3.491052939554586173e-03
3.278140873373171227e-03 -2.203676004266788644e-03
2.677289371234742830e-03 -2.676008075553510616e-03
2.927200912466980907e-03 -3.160941973817067794e-03
2.999030554455541127e-03 -2.653402128893569446e-03
2.838703138991620009e-03 -3.050130568683503355e-03
3.220896295201877702e-03 -3.207612477993112415e-03
3.066632739869229376e-03 -2.533362267492603095e-03
2.525616144664434137e-03 -2.852749410656251101e-03
3.526574302851007061e-03 -2.769530889725019870e-03
2.628004808037376350e-03 -2.309241118292817453e-03
2.476002193620949719e-03 -2.922118801209053120e-03
3.319183028297770666e-03 -2.811721376467625402e-03
2.606905205453199665e-03 -2.592395878151694099e-03
2.746052464838265230e-03 -3.265175101726580653e-03
3.145569045282015953e-03 -2.843555226486234929e-03
2.596734402114272283e-03 -1.996293722025269980e-03
2.708488943384192594e-03 -3.164125636821208017e-03
3.337063901461045923e-03 -2.513652093559124324e-03
2.409111223773599715e-03 -2.525135596507456677e-03
2.762738902525881547e-03 -3.125779081283073559e-03
3.167194557468805838e-03 -2.228470054194795109e-03
2.836857424419880237e-03 -2.706316014869597150e-03
2.905650558093348084e-03 -3.250501822196228893e-03
2.579434437829904950e-03 -2.298201424224690249e-03
2.305596122282787229e-03 -2.710809746975684654e-03
2.905439579324665608e-03 -3.056453655783966401e-03
2.872414681571015989e-03 -2.028197276448155412e-03
2.258424908234247120e-03 -2.722091238894108322e-03
3.336879169353905092e-03 -2.768555831355088304e-03
2.856643646886746282e-03 -2.444846102539468755e-03
2.942150754801696119e-03 -2.953277574780067537e-03
3.196704957686459514e-03 -2.609599398806829781e-03
2.701470155929539332e-03 -2.491017751978793788e-03
2.566684335675134890e-03 -2.630492695568802976e-03
3.400102930102833626e-03 -2.188912482957816857e-03
2.491446281098866431e-03 -2.308450550095868248e-03
2.307664691279113015e-03 -3.020603615480641022e-03
2.754080673365355992e-03 -2.591255316612796518e-03
2.619648769444537627e-03 -2.462120241112901280e-03
2.967053383229060343e-03 -3.165948885372888745e-03
3.005910418278603686e-03 -2.329750255007211317e-03
2.573056688096335334e-03 -2.251534330563134505e-03
2.364459521167172965e-03 -2.698005459913751028e-03
2.658843742387954640e-03 -1.887052743404595218e-03
2.505895829462027879e-03 -2.652653597583703483e-03
2.877907426712743126e-03 -2.347646744459426938e-03
2.361858015603908456e-03 -2.426379600108839567e-03
2.427134801899631829e-03 -2.587741318833319294e-03
2.800650412557851611e-03 -2.144643869094670693e-03
2.800650412557850744e-03 -2.144643869094669825e-03
2.800650412557849876e-03 -2.144643869094670259e-03
2.800650412557851177e-03 -2.144643869094670259e-03
2.800650412557850744e-03 -2.144643869094669825e-03
2.800650412557851177e-03 -2.144643869094669825e-03
2.800650412557850744e-03 -2.144643869094670259e-03
2.800650412557851177e-03 -2.144643869094670259e-03
2.800650412557851177e-03 -2.144643869094669825e-03
2.800650412557851611e-03 -2.144643869094670259e-03
2.800650412557850310e-03 -2.144643869094670259e-03
2.800650412557851177e-03 -2.144643869094670259e-03
2.800650412557850744e-03 -2.144643869094670693e-03
2.800650412557851611e-03 -2.144643869094669825e-03
2.800650412557851177e-03 -2.144643869094669825e-03
2.800650412557851611e-03 -2.144643869094670259e-03
2.800650412557851611e-03 -2.144643869094669825e-03
2.800650412557850310e-03 -2.144643869094669825e-03
2.800650412557850310e-03 -2.144643869094669825e-03
2.800650412557851177e-03 -2.144643869094670259e-03
2.800650412557850744e-03 -2.144643869094669825e-03
2.800650412557850744e-03 -2.144643869094669825e-03
2.800650412557850310e-03 -2.144643869094670693e-03
2.800650412557850744e-03 -2.144643869094670259e-03
2.800650412557850744e-03 -2.144643869094670259e-03
2.800650412557851177e-03 -2.144643869094670259e-03
2.800650412557849876e-03 -2.144643869094669392e-03
2.800650412557851177e-03 -2.144643869094670259e-03
2.800650412557850744e-03 -2.144643869094670693e-03
2.800650412557851611e-03 -2.144643869094670693e-03
2.800650412557850744e-03 -2.144643869094670259e-03
2.800650412557851177e-03 -2.144643869094670259e-03
2.800650412557851611e-03 -2.144643869094670259e-03
2.800650412557850744e-03 -2.144643869094670259e-03
2.800650412557849876e-03 -2.144643869094669825e-03
2.800650412557851177e-03 -2.144643869094670259e-03
2.800650412557850744e-03 -2.144643869094670259e-03
2.800650412557851177e-03 -2.144643869094669392e-03
2.800650412557850310e-03 -2.144643869094669825e-03
2.800650412557851177e-03 -2.144643869094670259e-03
2.800650412557851177e-03 -2.144643869094669825e-03
2.800650412557851177e-03 -2.144643869094670259e-03
2.800650412557850310e-03 -2.144643869094671126e-03
2.800650412557851177e-03 -2.144643869094669825e-03
2.800650412557850744e-03 -2.144643869094669392e-03
2.800650412557851611e-03 -2.144643869094669825e-03
2.800650412557850744e-03 -2.144643869094670693e-03
2.800650412557851611e-03 -2.144643869094669825e-03
2.800650412557851611e-03 -2.144643869094669825e-03
2.800650412557850744e-03 -2.144643869094669392e-03
2.800650412557850310e-03 -2.144643869094669825e-03
2.800650412557851177e-03 -2.144643869094670259e-03
2.800650412557850744e-03 -2.144643869094670259e-03
2.800650412557851177e-03 -2.144643869094669825e-03
2.800650412557850310e-03 -2.144643869094670259e-03
2.800650412557851177e-03 -2.144643869094670259e-03
2.800650412557851611e-03 -2.144643869094670259e-03
2.800650412557851611e-03 -2.144643869094670693e-03
2.800650412557850744e-03 -2.144643869094669392e-03
2.800650412557851177e-03 -2.144643869094669825e-03
2.800650412557850310e-03 -2.144643869094670259e-03
2.800650412557851611e-03 -2.144643869094670259e-03
2.800650412557850744e-03 -2.144643869094670259e-03
2.800650412557851177e-03 -2.144643869094669825e-03
2.800650412557852045e-03 -2.144643869094670693e-03
2.800650412557851177e-03 -2.144643869094669825e-03
2.800650412557849876e-03 -2.144643869094670259e-03
2.800650412557851611e-03 -2.144643869094670259e-03
2.800650412557850744e-03 -2.144643869094670259e-03
2.800650412557851177e-03 -2.144643869094670259e-03
2.800650412557850310e-03 -2.144643869094670259e-03
2.800650412557851177e-03 -2.144643869094670259e-03
2.800650412557851177e-03 -2.144643869094669825e-03
2.800650412557851611e-03 -2.144643869094670259e-03
2.800650412557850310e-03 -2.144643869094670259e-03
2.800650412557851177e-03 -2.144643869094670693e-03
2.800650412557850744e-03 -2.144643869094670693e-03
2.800650412557852045e-03 -2.144643869094669825e-03
2.800650412557850744e-03 -2.144643869094670259e-03
2.800650412557851611e-03 -2.144643869094669825e-03
2.800650412557850744e-03 -2.144643869094669825e-03
2.800650412557850744e-03 -2.144643869094669825e-03
2.800650412557850744e-03 -2.144643869094669825e-03
2.800650412557850744e-03 -2.144643869094670259e-03
2.800650412557850744e-03 -2.144643869094669825e-03
2.800650412557850744e-03 -2.144643869094670259e-03
2.800650412557850310e-03 -2.144643869094670693e-03
2.800650412557851177e-03 -2.144643869094670259e-03
2.800650412557851177e-03 -2.144643869094669825e-03
2.800650412557851611e-03 -2.144643869094670259e-03
2.800650412557849876e-03 -2.144643869094669825e-03
2.800650412557851177e-03 -2.144643869094669825e-03
2.800650412557850310e-03 -2.144643869094670693e-03
2.800650412557851177e-03 -2.144643869094670259e-03
2.800650412557850744e-03 -2.144643869094669825e-03
2.800650412557851611e-03 -2.144643869094670259e-03
2.800650412557852045e-03 -2.144643869094670259e-03
2.800650412557850744e-03 -2.144643869094670693e-03
2.800650412557849876e-03 -2.144643869094669392e-03
2.800650412557851177e-03 -2.144643869094670259e-03
2.800650412557850310e-03 -2.144643869094670259e-03
2.800650412557850744e-03 -2.144643869094669392e-03
2.800650412557850310e-03 -2.144643869094670259e-03
2.800650412557851177e-03 -2.144643869094670693e-03
2.800650412557850744e-03 -2.144643869094669825e-03
2.800650412557851611e-03 -2.144643869094670693e-03
2.800650412557850744e-03 -2.144643869094670693e-03
2.800650412557851177e-03 -2.144643869094669825e-03
2.800650412557850744e-03 -2.144643869094670693e-03
2.800650412557850744e-03 -2.144643869094670259e-03
2.800650412557850744e-03 -2.144643869094670693e-03
2.800650412557851611e-03 -2.144643869094669825e-03
2.800650412557850744e-03 -2.144643869094669825e-03
2.800650412557850744e-03 -2.144643869094669392e-03
2.800650412557850744e-03 -2.144643869094669825e-03
2.800650412557851177e-03 -2.144643869094670259e-03
2.800650412557850744e-03 -2.144643869094669825e-03
2.800650412557851177e-03 -2.144643869094670259e-03
2.800650412557850310e-03 -2.144643869094670259e-03
2.800650412557850744e-03 -2.144643869094670259e-03
2.800650412557851177e-03 -2.144643869094669825e-03
2.800650412557851177e-03 -2.144643869094670259e-03
2.800650412557849876e-03 -2.144643869094669392e-03
2.800650412557851177e-03 -2.144643869094670259e-03
2.800650412557850744e-03 -2.144643869094671126e-03
2.800650412557851611e-03 -2.144643869094669825e-03
2.800650412557850744e-03 -2.144643869094670259e-03
2.800650412557850744e-03 -2.144643869094670259e-03
2.800650412557851611e-03 -2.144643869094670693e-03
2.800650412557850744e-03 -2.144643869094669825e-03
2.800650412557849876e-03 -2.144643869094670259e-03
2.800650412557851177e-03 -2.144643869094670259e-03
2.800650412557850744e-03 -2.144643869094669825e-03
2.800650412557851177e-03 -2.144643869094669825e-03
2.800650412557850744e-03 -2.144643869094670259e-03
2.800650412557851177e-03 -2.144643869094670259e-03
2.800650412557851177e-03 -2.144643869094669825e-03
2.800650412557851611e-03 -2.144643869094670259e-03
2.800650412557850310e-03 -2.144643869094670259e-03
2.800650412557851177e-03 -2.144643869094670259e-03
2.800650412557850744e-03 -2.144643869094670693e-03
2.800650412557851611e-03 -2.144643869094669825e-03
2.800650412557851177e-03 -2.144643869094669825e-03
2.800650412557851611e-03 -2.144643869094670259e-03
2.800650412557851611e-03 -2.144643869094669825e-03
2.800650412557850310e-03 -2.144643869094669825e-03
2.800650412557850310e-03 -2.144643869094669825e-03
2.800650412557851177e-03 -2.144643869094670259e-03
2.800650412557850744e-03 -2.144643869094669825e-03
2.800650412557850744e-03 -2.144643869094669825e-03
2.800650412557850310e-03 -2.144643869094670693e-03
2.800650412557850744e-03 -2.144643869094670259e-03
2.800650412557850744e-03 -2.144643869094670259e-03
2.800650412557851177e-03 -2.144643869094670259e-03
2.800650412557849876e-03 -2.144643869094669392e-03
2.800650412557851177e-03 -2.144643869094670259e-03
2.800650412557850744e-03 -2.144643869094670693e-03
2.800650412557851611e-03 -2.144643869094670693e-03
2.800650412557849876e-03 -2.144643869094670259e-03
2.800650412557851177e-03 -2.144643869094670259e-03
2.800650412557851611e-03 -2.144643869094670259e-03
2.800650412557850744e-03 -2.144643869094670259e-03
2.800650412557849876e-03 -2.144643869094669825e-03
2.800650412557851177e-03 -2.144643869094670259e-03
2.800650412557850744e-03 -2.144643869094670259e-03
2.800650412557851177e-03 -2.144643869094669392e-03
2.800650412557850310e-03 -2.144643869094669825e-03
2.800650412557851177e-03 -2.144643869094670259e-03
2.800650412557851177e-03 -2.144643869094669825e-03
2.800650412557851177e-03 -2.144643869094670259e-03
2.800650412557850310e-03 -2.144643869094671126e-03
