1.187083491599748471e-02 -3.246244499374110332e-03
8.468440202888539992e-03 -3.769574509686146949e-03
8.931125385775118275e-03 -4.444176938853594896e-03
3.975406423139821697e-03 -4.775745753184754659e-03
4.844998808440618802e-03 -3.997731643306242505e-03
7.477752035087221159e-03 -4.881669218957904698e-03
5.641330406239048433e-03 -6.088798352059371539e-03
7.339412619715186305e-03 -2.119596895320466270e-03
6.696685623399282680e-03 -7.389520209337935124e-03
4.823519258919311409e-03 -3.600387977290017607e-03
6.702595153476781191e-03 -3.028607409909342147e-03
5.651787023300060796e-03 -5.827569773294390652e-03
3.986695707358713439e-03 -3.410763887022461808e-03
6.737395032482273137e-03 -4.547462342215030130e-03
1.001215990289853683e-02 -4.259337266441821056e-03
4.871402425790392898e-03 -3.909595891953969969e-03
3.827087091657973596e-03 -2.490341237084669253e-03
5.171611572251783723e-03 -3.790306530851837111e-03
4.208301941526104706e-03 -5.144218745423190069e-03
1.991853696536082744e-03 -5.028898602888251003e-03
3.899921088341633691e-03 -4.895328998361922652e-03
2.880946355391351011e-03 -2.586183315434086982e-03
1.724328480177835660e-03 -2.541095302939827896e-03
1.832811191500065967e-03 -4.082100655086391347e-03
1.106470413985672805e-03 -5.356183032432103482e-03
1.178474850516083011e-03 -4.477091687533719944e-03
2.711387179787733744e-03 -2.325585276521744977e-03
4.976069303180962605e-03 -3.313333322231092840e-03
4.415206946925517677e-03 -3.117315502716026636e-03
1.900230101500285755e-03 -3.189020164951033177e-03
1.322473432348578821e-03 -1.274099813218481161e-03
3.286719823108200968e-03 -2.241783133960139653e-03
3.696333808083747917e-03 -5.302377299454379307e-03
2.968120379984545004e-03 -3.773237419187449974e-03
2.834178834563154826e-03 -6.924463334646838077e-04
3.615828568442739678e-03 -4.535382846425087267e-03
1.676274308492108544e-03 -3.620899441721316982e-03
3.030276062394848119e-03 -4.313088443378457724e-03
2.169495825604802423e-03 -2.814024700422662617e-03
2.064234600800716817e-05 -3.604864976702344161e-03
8.892550011726558677e-04 -1.520290565992348788e-03
1.991794461149590592e-03 -2.500624149320929655e-03
-3.746767375175058361e-04 -2.823742344905955538e-03
3.091613814049871782e-03 -4.976793881389858856e-03
2.806908995186155591e-03 -9.315904403671041540e-04
1.635002748121350659e-03 -8.255182582098310323e-04
1.778362739743542538e-04 -7.163798067656404651e-04
1.525066937042020851e-03 -2.332419276184616481e-03
1.958389514402701474e-03 -2.018853335302226663e-03
-1.156456841993624279e-03 -1.312330920074086316e-04
9.068497688518817280e-04 -1.442066481723153649e-03
3.591982093598084652e-03 -3.997254279226647227e-05
2.009200180072274848e-03 -2.263550548967917155e-03
4.649089883616246491e-03 -1.650479118288569963e-03
2.431509801282933769e-03 -3.622841753888955078e-03
8.288158508046837569e-04 -1.692016707413101151e-03
3.613531193168882921e-03 4.326386006700957081e-05
1.723892566152489128e-03 -1.457120748792966334e-03
3.549636664069115780e-03 -2.993030514453407648e-03
2.013995168777593225e-03 8.987027879257862778e-04
4.021102165175072761e-03 -1.482686140388968449e-03
1.913071545257188054e-03 -2.470378914433112309e-04
-3.930233460735856358e-04 -1.187162138914610353e-03
2.841557081880481325e-03 -6.044230026626823404e-04
4.275299188098614575e-03 -6.459920901368167026e-04
7.966027362118451634e-04 -3.299294887038705434e-03
2.179357266967666545e-03 -5.035232636970883319e-04
5.827396922268341869e-03 6.304197472015750370e-04
2.230735763595163412e-03 -9.248152101950180221e-04
-1.454605175818036219e-03 -4.416010414460439654e-03
2.211138705829584095e-03 -1.257724541906659515e-03
2.647295735260290182e-03 -4.128902440584092913e-04
2.564862230474514691e-03 -1.413582659087801946e-03
2.836019617817461206e-03 -2.045796267082218654e-03
4.632698596354765247e-03 -1.356760222224494923e-03
6.014145495009560506e-03 -8.042081722700809539e-04
2.332006294600061109e-03 -2.791827320098195109e-03
4.511029714930083617e-03 6.084343081243583196e-06
3.958671391233494798e-03 -1.355793913904571480e-03
3.079778248893527345e-03 5.730643481187542828e-04
8.445696380101755992e-04 -9.011842351044294921e-04
1.352325637788970216e-03 -1.721346193717297529e-03
1.634450343028627170e-03 9.568021896201780443e-04
1.756598581078426752e-03 6.111765698556056873e-04
3.012217777425028626e-03 1.810919778734510497e-03
3.023573483197880031e-03 -1.553854287008473107e-03
1.861201176295957695e-03 -6.198929072716499863e-04
6.680120654470649228e-04 -3.220217876401527349e-03
5.880558731343408499e-04 -2.626024983209637644e-03
5.223574121799025652e-03 -1.118154649297388318e-03
3.068202918776252036e-03 1.631333721388813053e-03
2.637046103854554392e-03 2.259719914073316047e-04
3.551315982866173632e-03 -3.543575761845929855e-03
4.429027841077061607e-03 -1.618247422790562500e-03
2.064142307937643413e-03 -1.563101723160467823e-03
7.525242182686914987e-04 -1.607185554561100778e-04
2.757248808836494213e-03 -2.354859822262638132e-03
1.573125207017717292e-03 -2.574421836224237772e-03
-3.786093532021591636e-04 -7.330977139095654072e-04
1.440053570267479672e-03 -3.718127679785101364e-03
6.458008295420020152e-04 -2.102077770973926566e-03
1.589292990261330580e-03 -2.166617410536902672e-03
3.775047159431901399e-03 1.475524666165141038e-04
9.316326719229864892e-04 -9.091086615971694616e-04
-2.054336296994027818e-03 -2.574878463398670193e-03
2.128043863994713483e-03 -4.185858203316903986e-04
3.147986914216275352e-03 -2.848112586346158558e-03
2.042673709967905704e-03 -3.132488294656817721e-03
6.384731255654240226e-04 -1.597009292245577059e-03
-9.532517101811580334e-04 8.369281914190291943e-04
-3.804596469539321555e-05 -2.866042447667031985e-03
4.430270929450022196e-03 -3.321195188795969186e-03
2.979700740884268055e-03 -3.113980739953584650e-03
7.654057095327263362e-04 -5.447019091806602027e-04
2.571465822886504372e-03 -1.690550423661464500e-03
1.634720988469730860e-03 -9.354985844797077902e-04
2.222605178685669453e-03 -2.353545789498845929e-03
1.293978759727120072e-03 -1.632603279494365418e-03
-3.809429428082939458e-04 -9.815897085859663206e-04
6.556909107663704212e-04 6.745381178001369667e-04
1.587453977823479042e-03 -3.144318586969659622e-03
-6.230674322840533234e-04 -2.004971402941058915e-03
5.021674248343956678e-06 -3.182668280131422875e-03
-1.207265906905678711e-03 6.483768578422080900e-05
-6.919477874591170585e-04 6.510848572074453416e-04
2.428782777125562242e-03 -2.229132902080516610e-03
1.420335942623863514e-03 3.940850898604016908e-04
-2.589249498029091230e-04 -1.456205266992583553e-03
7.323969584234226425e-05 -9.037633004843083611e-05
7.578755588721603051e-05 -1.402683661561725161e-03
1.045362175622154173e-03 -2.040756283962332721e-03
2.917550194593213487e-04 -4.293591487116224775e-04
-5.657669270454079857e-04 -5.670438574510263448e-04
2.587300635942944849e-03 -2.591093502658705066e-03
2.899712239505381601e-04 -2.590058318725915569e-03
-3.549232393736825408e-04 9.076544695679156184e-04
1.241125781605957135e-04 -1.115637356496252709e-03
5.675335741459296406e-04 -3.127862030338336794e-03
1.127687990355566265e-03 -2.107089834502959714e-03
-1.033500790084430519e-03 -2.818197612047993166e-03
-5.837553573424064625e-04 -1.797881729956236387e-03
4.553525863847042617e-04 -1.787347626861181455e-04
2.397391953856235335e-03 -1.096979774553377479e-03
2.800101076740329955e-03 3.682315467771505257e-04
1.090002939020997316e-03 -1.658073205391540506e-03
-1.645143271313671135e-03 1.606274837457827677e-03
-5.531051201568460860e-04 4.687104238377583503e-04
-1.016523936995763176e-03 8.137495105162260859e-04
1.086797532168699322e-03 -8.179339055109040692e-04
7.686645260817342312e-04 -8.848825536528814916e-04
8.327227696701637984e-04 -2.922559591580072176e-03
2.821870174310991183e-03 -1.968510719243287029e-03
-4.862667831142025634e-04 -6.445658485029731165e-04
6.218959728295392776e-04 -4.130436999187437675e-04
1.298599078554796022e-03 -1.248693940704611585e-03
-9.584500989699670011e-04 -5.083491263671399045e-04
1.120014373954788265e-03 1.005898311929143401e-03
1.076394459301493805e-03 -2.309052261637366526e-03
-1.640061183927859654e-03 -3.886450712467423010e-04
-4.013274828818793813e-04 -9.585007245444643982e-05
1.284685395217852188e-03 -7.387321181656567037e-04
2.179675333704198231e-03 1.266634026704104845e-03
1.938717657421189927e-03 1.665276741087382906e-03
1.932298591208434901e-03 9.750465962755954430e-04
3.815163320538572677e-04 8.491182504079377094e-04
-8.682310124622759102e-04 -1.097721576314544334e-03
8.594406855249393839e-04 -1.937117164478299822e-03
1.154267447189518975e-03 -3.899932549722715316e-04
6.405230927496388541e-04 -1.083969633431890872e-03
-7.723082389059372213e-04 -9.352567791797918462e-04
3.931910480862954539e-04 2.029818458611189896e-03
3.439518102850737391e-03 8.536537021663337648e-04
2.059299623362403041e-04 1.824472876241112597e-03
3.149162008799382718e-03 -2.249602313887325272e-03
2.093650365624593820e-03 1.787139219265941430e-04
4.754722581797067842e-04 1.448103522999641271e-03
1.488942247225692002e-03 -2.382833307236764675e-03
1.507300571417462005e-03 4.874484234304797244e-04
2.396534978251684597e-03 2.150709986904159304e-03
9.253444116319060062e-04 1.073001710205889183e-03
2.164596920754379393e-03 -3.740045718209714250e-04
7.352352876040020189e-04 -9.537720772738027828e-05
2.451470310001752431e-03 4.543907149900553257e-04
2.810360912063716247e-03 -1.205647259249280909e-03
1.425493251392931111e-03 -1.381602757068123907e-03
1.003244590295871135e-03 3.866208128264351823e-04
2.014778192721303381e-03 2.800156913587782724e-04
2.401939197139200434e-03 -4.044699724061818547e-04
2.919839481995599386e-04 -4.052084720010289739e-04
1.554076933514573090e-03 1.709374355541686528e-04
1.308385565284896817e-03 1.827069377373550336e-03
2.590745821517498760e-03 1.697263042239293947e-03
2.217527578549354211e-03 -3.517019483116023450e-03
1.561573228980359107e-03 -1.738168141440893941e-03
6.030643479183355783e-04 -1.469916016613575247e-03
4.249253138791913437e-04 -1.798222147356614686e-03
5.211600038241460823e-04 1.285283880352562896e-03
1.562827147723648124e-03 4.478561715349565976e-04
1.607265605265734533e-03 3.328001494410800197e-03
1.197290326903399258e-03 -1.612692531337147012e-03
-1.124630164871829024e-03 4.704267723259423204e-04
1.742831572715635140e-03 -3.833505830035965515e-05
9.272604105250998718e-04 -1.065945675985870362e-03
2.163242888924518312e-03 -4.166656688149385132e-06
3.894889652934729624e-03 -3.294511995309441495e-04
1.180780488492306482e-03 -2.320981059523268431e-03
2.351534620651339472e-04 1.297733330550153788e-03
1.578110236634133485e-03 -4.135307264941826357e-04
1.419463458828309479e-03 -5.142565833688766605e-05
1.992920583597455539e-03 1.219063156477471002e-03
4.469398865561732825e-03 -1.504188006650850062e-03
8.241012520358718171e-04 -6.818469205399281963e-04
2.318360773354526897e-03 -5.721852776224923892e-04
-1.593221446754446288e-04 -3.685946119477375750e-03
4.602553395756600889e-04 -2.276007774517151833e-03
3.829308468249378308e-04 -9.398683044018588161e-04
2.923791521555376381e-03 -1.406849705088945293e-03
-9.142655317075381758e-04 -1.741653082542115195e-03
2.940489595597408756e-03 1.455699196065116585e-03
2.219830817615038067e-03 -1.393089366123724786e-03
1.865923584761381695e-03 -2.514028907843218752e-03
1.211690318635282298e-03 -3.861191099785178638e-04
-9.462743542156050762e-04 -9.946132450640982319e-04
1.328786946147532703e-03 4.910767393706669173e-04
1.993792728481314207e-03 6.130382552767717208e-04
1.311813814709561748e-03 -2.702453888087456933e-03
4.260489615466741924e-03 -3.101795502808244874e-04
-8.496206173218478694e-04 -6.906305508535992999e-04
1.674221001947744309e-03 -3.670564587294181027e-03
-1.241975591682593959e-03 -7.644232366692701964e-04
-4.312633420596053931e-04 -4.135880677191312339e-03
1.612982807782867940e-03 8.079899112818564853e-05
1.569864192639141426e-03 5.710720933779838901e-04
1.290653371459733745e-03 -2.305819881135581350e-03
-2.208357356081912855e-03 -2.250972560048302828e-03
7.035910540260787967e-04 -1.472485533509177965e-03
4.397444499465570601e-04 -2.778226314030213251e-03
7.462364284896927857e-04 -1.692712456083250998e-04
8.672992656407943870e-04 3.697175207706510872e-04
1.116595158227183049e-03 -1.575208505611835745e-04
1.646811015388701847e-04 4.346317080878799900e-05
-6.513052727718927730e-04 1.228035742163490754e-03
1.347507553136002454e-03 -1.365247970131812654e-04
1.958419768136666992e-03 -2.030820321361018546e-03
1.457782322572173531e-03 -4.154313920948216748e-03
7.783754647695165880e-04 -7.120560392728282357e-04
3.324512919603863064e-03 -2.999269230962119917e-04
2.332105858325787297e-03 4.038505998643712605e-04
-1.098091197695066088e-03 -1.186808796973330346e-03
-3.854109820028577037e-04 -2.004173775562828955e-03
8.330164024257956032e-04 -3.099887886952439617e-04
-6.230535406506425679e-04 -1.493311690047974261e-03
1.273602739014596894e-03 -1.989018593347183835e-03
4.615288136649107879e-04 -3.056201779683676272e-03
-1.016918045809487182e-03 -4.347795441376775083e-04
1.272650475633084304e-03 -1.125468499334589430e-03
1.897324811806211159e-03 -3.103174067685566129e-03
1.378342669201799726e-03 -1.250169912331094112e-03
-1.240627985274155563e-04 -7.372715197768644080e-04
1.592513538850121469e-03 4.895363421797406479e-04
2.134241424114403582e-03 -8.909310460099943967e-04
-3.562783631336941957e-04 1.367979512961441785e-04
2.466990409958106159e-03 -1.677001115065372228e-04
2.950732606721316164e-03 2.039445710982471275e-04
2.263686255920619762e-03 -5.895152145458351818e-04
8.290026538078030518e-04 -1.226505175299232942e-03
2.420210783139765606e-03 -1.058959877219443294e-03
-1.265938769476031159e-03 6.811058266607457887e-05
2.278077242492364122e-04 -4.172347183314285488e-03
4.584211731123391358e-03 -1.449663305867975385e-03
8.449803270882675537e-04 -1.070954943148240326e-03
-1.621461392153214671e-03 6.345760386518149070e-04
2.293647411089588914e-04 -1.497564260400220323e-03
-1.980918744398208354e-03 -3.485828401851764273e-04
3.379613357973447387e-03 2.875322234784336321e-04
3.414029524612428868e-03 -2.344560403748546188e-03
-6.957740305831660145e-04 -1.982706300603780461e-03
1.072301392501118960e-03 -3.504126479026202588e-03
1.817542316834314976e-03 2.887308832065121661e-04
8.141809989341905343e-04 1.391370930115787242e-04
6.680652094882662739e-04 -1.308027298082036936e-03
4.901707586777595636e-04 2.567957571745442926e-04
3.814033083834505403e-03 -7.274367686106903179e-04
1.872438622079186914e-03 -2.333563010184000214e-03
-4.866292775757853606e-04 -5.942917419328959177e-04
3.365813165428963548e-04 -9.473935537050269659e-04
6.054148877100952930e-04 2.141828087606592905e-04
6.018786849244974618e-04 -4.843362275960308677e-04
3.093411001310479217e-05 -1.480590659758577359e-03
1.450169052417343320e-03 -1.270333314458651185e-03
1.372211850490618820e-03 -1.549078769710336874e-03
2.750901012961774490e-03 5.320540458037269259e-04
1.384281446504596978e-03 1.318924078764467569e-03
-1.590548754155118785e-03 5.214069848488354876e-04
1.503879479864905690e-03 -3.591877834653536654e-03
1.720743241329052717e-03 8.651032772498704016e-04
-8.406298988661754660e-04 4.129558039653559377e-04
2.372495564762506365e-03 -2.220081781683388533e-04
-2.416936806420204927e-04 5.023852774583986453e-04
-1.789297684439310155e-03 1.979394259238684707e-04
1.484215159917478231e-03 -1.300127020413938215e-03
1.724542923280721323e-03 -1.680615713053437146e-03
-2.127376351553743848e-03 -6.337293238785326934e-04
-3.059110701022303442e-03 -2.284983113896515029e-03
-5.594431385997400462e-04 3.829216048820930241e-04
3.617093369899523707e-04 -2.114106852596445846e-03
-1.203489440587988697e-03 -3.596653579857024487e-04
-1.857705696515303193e-03 1.190792432913889178e-03
-1.337768756340575703e-03 -3.543510697367086861e-04
-1.542627513379108946e-03 6.152215447889562401e-04
1.453828611407145940e-03 2.083405260330334851e-04
-1.036311814249720213e-03 -7.597226083193003160e-04
-1.650800013631189720e-03 -3.083610668174755192e-03
1.069680815381336090e-04 -9.990354371439630690e-04
-1.386741152207084538e-03 -9.452596641244708549e-04
1.120775149655806480e-03 -4.413993034984570857e-04
1.224778127487069230e-03 -4.203090603945944075e-03
-7.775810298928005366e-04 -1.862272625488589628e-03
7.038706963470107558e-04 -1.623516162167868088e-03
5.359284298180809437e-06 6.445594633259544865e-04
-1.802369220578093831e-03 -1.158571519761678525e-03
1.789057653146342063e-03 -4.942731630622102619e-04
1.745465936984470345e-03 1.589558793916014991e-03
-2.329314426982167802e-03 -1.641225442408179814e-03
3.958746301594471910e-04 -1.090590902928663701e-03
1.665471449558488491e-03 -1.665429563276864125e-04
-1.743875730223709173e-03 1.269796862024655281e-04
-5.259646744614868580e-05 1.355861813215728353e-03
-3.478634357001737071e-04 -5.358421657822603395e-04
-3.408050816525690953e-03 3.829610593448315448e-03
1.650904381838052843e-03 -2.530791422592478489e-03
3.737289895857564214e-04 -1.020738496639402764e-03
2.057822998310599935e-03 7.858066228202693210e-05
8.915357914558530526e-04 -1.500039556464965573e-03
-2.524256835315298489e-04 -1.331201363294509665e-03
-1.390946544104921926e-05 4.293134576089079751e-04
-1.493327701913773871e-03 -8.888038083346280413e-04
2.361825074058236391e-04 -1.912922102035349197e-03
1.509399460734691311e-04 -1.428805479762430960e-03
-3.266847020232592860e-04 -2.427187333867127442e-03
-2.888873813719605287e-04 -1.281602293788481348e-03
2.622037318132820890e-04 1.338061364103579733e-03
1.541363365654104456e-03 -4.466185529646731541e-04
7.607563718339270574e-04 -2.698657835665042512e-03
-8.604845888773881603e-04 -1.887225910352415274e-04
-1.457826852836815231e-03 -9.217475343569917021e-04
-2.796663139158602623e-03 8.564689089983651719e-04
-2.256517329342933064e-04 -1.449409221769070799e-04
-1.454120866071333075e-03 3.154979500869564061e-04
-6.005184044606253369e-04 -6.651333937576106537e-04
1.393421585718377818e-03 -1.348242784962556907e-03
-5.039393721556251248e-04 9.294234261732169100e-04
-1.756532096138713629e-03 1.462780007585088053e-03
-2.242132021598362834e-03 -6.924713796471429917e-04
-3.265690540518978013e-03 4.454115374675043080e-04
3.918280687644958775e-04 -1.376877523465770605e-03
1.049862254019151103e-04 3.196659986434532605e-04
-9.716163560521875325e-04 -2.141466680048263258e-05
1.952431932088815767e-03 -2.425414656076748353e-03
1.171088004632064947e-03 -1.637233137796963818e-03
9.604673991874501356e-04 2.258590444508676385e-03
-1.694877382217131008e-03 8.089861641175054296e-04
2.626704268569373876e-04 -3.385578950302985373e-03
1.843959394525944244e-04 -6.106085568371698042e-04
-1.761418326880125887e-03 9.748134583327586200e-04
-1.504488097029610860e-04 -7.972055754108658141e-04
2.905816637554334714e-04 -3.901382703610896223e-03
-6.809585607493544562e-04 -2.116481869317178490e-03
6.258858127813764520e-04 1.901913460298388031e-03
2.764383304477744264e-03 -5.793691666499027962e-04
7.429470231785150836e-04 1.076217904661833048e-04
9.209517160334618918e-05 1.499079062378136026e-03
4.775773695585386900e-04 -1.397748959391351391e-03
3.053759307370200113e-03 -2.035200019057109653e-03
1.042662749048339169e-03 -8.827361131625049604e-05
-3.940547006105592242e-04 1.071542520423911845e-03
4.715364534611492112e-04 1.316684901194755905e-04
-3.898332969826759115e-05 -6.839936437718447879e-04
-2.213065957371349469e-03 -1.368845785909489007e-04
5.853828094988839542e-05 -2.339780883794049789e-04
1.669712307734004411e-04 -1.521780626702535274e-04
-1.833110088902293125e-04 -8.340129016916425996e-05
-1.042082811054985408e-04 6.935162818352710824e-04
2.741721250134126299e-05 8.737993139275285854e-04
5.348491471804311470e-04 3.619395711909415285e-04
2.903443469836955709e-04 -7.047668629927427049e-04
-5.335353630243500761e-04 8.372161255758725105e-04
-5.964605975895557934e-04 -1.823057263107001787e-03
3.037865200882281565e-03 -3.524148077325114686e-04
9.932685126776061562e-04 6.212759689902320375e-04
-8.479628068043863851e-04 -1.186055783922034803e-03
8.935941250939051202e-04 -6.379638172796176432e-04
2.143421159800679114e-05 -1.645051384917021672e-03
5.370293358830886604e-04 -5.483965823719255716e-04
1.107020341669423666e-03 -1.197608289240744165e-03
-1.941821900171904723e-03 2.220071009759901602e-04
-1.028960267865658678e-03 -1.771651168297393554e-03
-6.321709983405015632e-04 -8.763885445122987202e-04
-2.724611093871355180e-03 -1.263155350548886974e-03
1.330633341851330132e-03 -3.050407468936764191e-03
9.215052380994359811e-04 -2.387173137837236934e-04
-9.452902883685165630e-04 1.471842791707534065e-03
-7.490171008583068829e-04 5.308391286429833822e-04
-1.600367534195984865e-03 -7.667749433132325541e-04
-3.629810084673865274e-04 -2.226821109596683647e-03
1.963648806309099045e-03 -4.703674664610179960e-04
-1.107102768075765234e-04 -1.482346995419216943e-03
1.211186670753504552e-03 -1.886563372752365388e-03
2.678362283872861628e-04 -5.550976733415842598e-04
-7.300631627442455765e-04 2.421339571131386325e-03
-1.936543700584509881e-03 -2.673070643288766920e-04
-1.238516143805082370e-04 -4.302014684363703241e-04
-4.387240375182178444e-04 4.585692063645727622e-04
1.525607574370205265e-03 -1.211772039033458172e-03
2.687858885895126788e-03 -4.548515524694144406e-05
9.957544996700702200e-05 2.285837043171287653e-04
-5.485858100738631119e-04 6.678803588397781319e-04
-1.070893501228978957e-03 1.628989557939527653e-03
6.912915214136104410e-04 3.550560775937472609e-04
1.329199390559749564e-03 6.963487156688892305e-04
-8.307484747975830541e-04 3.244654581434366718e-04
-6.337635131860705499e-06 -9.351627487626800210e-04
5.761868830868190723e-04 -1.594627096747252724e-03
-2.046844774284171855e-03 1.398254176855232966e-03
-9.498473077001571034e-04 5.492733760817671528e-04
8.528651291001526202e-04 1.673436610752403121e-04
1.491230657039526158e-03 -1.311508829563650703e-03
-2.755728010618986416e-03 -2.313703401549840107e-03
-1.972858103040528877e-03 2.672491433852804848e-04
1.132335758247400787e-03 -4.632916212770598610e-04
1.495138423509801253e-03 -1.105150764031144180e-03
1.526254945331086306e-03 -2.182332807743922031e-03
-1.855961920205670282e-03 -5.487501958083836973e-04
1.047180631218077359e-03 -1.289494881393935454e-03
1.294711304500537454e-03 -8.334180226017525502e-04
2.676363796753040893e-03 -2.264479591137296896e-03
1.172212138794317569e-03 7.367452814438157568e-04
2.000368766210747391e-03 4.383664091439369213e-04
2.295758724042438591e-03 -2.508243080555692603e-03
-8.414826397162787066e-04 -4.005804396247649671e-05
-9.002036946776513678e-04 -1.874149599379141672e-03
8.589423829757709050e-04 8.228971679420180995e-04
-8.715549638570591322e-04 7.128473346478611397e-04
-1.042031618997113886e-03 -2.473607763991966108e-03
-3.829686483630420440e-04 -2.933266782066885122e-04
7.037113176512478467e-04 1.127122450247183653e-03
-1.320160640598132826e-03 2.341826980645595087e-03
-1.191029236290066856e-03 1.010715444182321270e-03
1.908801690783440549e-03 -2.209429594792214346e-03
-1.611536658124400464e-03 6.695683840370561133e-04
-1.476253261451642524e-03 4.301116207171413173e-04
2.066105587906992124e-03 -3.258164740316869899e-04
-5.886117461913171296e-04 -4.660640280265601057e-04
4.919783184830963524e-04 6.987636647467388058e-04
2.237078415469037629e-03 7.450692076089929358e-04
-1.536599410869001836e-03 -1.191927205173374344e-03
-1.000333497004403296e-03 -2.113544238123671141e-03
9.995931122450812945e-04 4.443965110686280695e-04
-1.837972951289474494e-03 2.556402303367076405e-03
-2.040974375659020037e-03 -2.226270325085165846e-04
1.710740514574479905e-03 1.035792343027038421e-03
2.554440525218045974e-03 5.884856935589948771e-04
-4.031561319563443978e-04 -8.020885072104452567e-04
-1.661270072101728244e-04 -2.075095006190951722e-03
1.578872005752134057e-03 -2.267703359930381760e-03
-3.040575886431622012e-04 -2.106935736721829693e-03
7.525019762802623996e-04 -6.956771056931442465e-04
-2.117099699052184085e-03 -1.038662303256137958e-03
-8.973358047104370390e-04 -1.178446197483751018e-03
2.837969520075618720e-04 -1.200464889080868651e-03
9.082133344324173603e-04 7.569226591690681563e-06
2.842118676907636962e-03 2.660000503692245936e-04
5.380270687647326815e-04 -3.349028564682304159e-04
1.991919935705004346e-05 1.185297333038391222e-03
1.172758006364658457e-03 -8.711197081416461848e-04
1.848196217521585463e-03 -8.355693115039025155e-04
1.652913073186408751e-03 -2.981078026713637123e-04
8.599793316698559412e-04 -2.211216872944299534e-03
-9.392327257223517020e-04 -3.389961644892310381e-04
3.571970159351892625e-03 1.169394507085623090e-03
2.246027161583659046e-03 -1.620035983363445932e-03
-5.786402184440427509e-04 2.750897648143204449e-03
1.555552163674893060e-03 -2.601049266810020501e-04
5.383331062472999093e-04 1.697823425214381823e-04
-5.937726589689656638e-04 9.194845039343824307e-04
-1.577940070939387509e-03 6.913119050030650100e-04
-3.042456752293707170e-03 -2.543449036088979605e-03
1.059381103563370661e-04 -7.405046715723522096e-04
-6.627657890574550643e-04 -2.018351077822931518e-03
8.338466040526918300e-04 1.911532501799336316e-03
2.552423167664729167e-03 4.734173516111263476e-04
8.187933924412802702e-04 -1.324835834095838740e-03
-1.985010396922836338e-03 3.602874455981982610e-05
-5.999134858034316491e-04 -5.671461643900390509e-04
1.303785667345782814e-03 1.166663085008277619e-03
-1.072547711214582970e-03 2.775507473693297235e-03
-3.428771345854234303e-04 -7.754902045889019080e-04
8.355846460827751716e-04 -2.878640579379140602e-03
-4.778576523919185796e-04 9.489868306567918015e-04
-7.658586649161454839e-04 8.068789834641552959e-04
2.925539375182608509e-03 -4.668152892804720627e-04
-1.232581400240209202e-03 -3.184526123908944326e-03
-1.672548823049229512e-03 -8.806897302030036777e-04
5.905752124859076427e-04 -1.761164210808452684e-03
-7.524688282795189255e-04 -9.527173818728090424e-04
-3.117412731772852778e-03 -2.966981702969125664e-03
3.760150265639654885e-04 -8.694712446801648254e-04
1.919841463503435704e-05 -5.501544660610991694e-05
-1.186262459690682431e-03 -8.691772425848677238e-04
1.198316885813229026e-03 -4.041009685488191738e-04
-3.780042004449502241e-04 5.808238206002874337e-04
8.089906326335591098e-05 -3.412563576357716729e-03
-1.581637150665794614e-03 7.943866788984910610e-05
-1.682445514848876934e-03 6.900950737667904721e-04
4.377869853343650569e-04 6.746779092362967592e-04
2.258274022509935974e-03 1.341749359491008729e-03
1.488052446960468327e-03 1.568722217736378882e-03
-6.250568433837817308e-05 -7.586406232087086927e-04
3.377898081791662907e-04 -2.082908401836411436e-03
1.216506175498331807e-03 -1.239752717970961870e-04
1.000075087684793029e-03 7.704038596102929029e-04
-1.693911317995716332e-03 1.351401548277977828e-04
-6.742551443214068367e-04 -7.584318158605798357e-05
-1.088687662914500929e-03 -3.916718948334045429e-04
-2.879897762237406192e-03 3.896899847425750016e-04
-7.498640152809137299e-04 3.768334929804020264e-04
-2.509957383095818249e-03 1.152511205877506393e-03
1.612738332807261412e-03 -6.496572854469520901e-04
-2.094039920410083015e-03 -3.828254560249659934e-04
-1.387943656699016769e-03 4.848516839673213346e-05
8.893065681582187952e-04 -1.031104181341282403e-03
2.557895127346129869e-03 -6.865303341254389881e-04
2.368081132720085101e-03 -3.102320928002699849e-04
-1.693284423882171963e-03 -1.736326096240742376e-04
2.794313149175843753e-04 -1.294624308664020420e-03
1.774107704000513512e-03 -1.696936869021374843e-03
-1.659561542535779977e-05 1.503563471641889467e-03
-8.948456283667392721e-05 6.592384967519144840e-04
-1.138480825085979448e-03 3.311843382920016954e-03
-1.157040781775421114e-03 4.283267500430670209e-04
-9.172564390712570825e-04 4.212703965967549047e-04
1.474858329847498388e-03 -3.626845282343653734e-04
2.513669608740568863e-03 -9.150088805420427416e-04
3.435551599805307214e-04 6.645240553146945523e-04
-7.139916379183693616e-04 -6.530431567213412693e-05
-3.387620907365754622e-03 -1.971074790584852101e-03
4.445493777121853969e-05 1.046868676389534937e-03
-1.345300551486415357e-03 -5.824677127734606205e-04
8.932242036381883143e-04 -4.761631664137813973e-04
-8.537071150617861525e-04 2.160165938005947136e-04
-1.428352348048978664e-04 1.921650262593550861e-03
-4.905571784662879440e-04 -1.444832959744448905e-03
-9.273660245181499862e-04 1.142806481766151395e-03
-8.407020542512246356e-04 1.908865975542534151e-05
-1.159247022519493400e-03 -2.928629892303451481e-03
-5.789991482345684636e-04 4.810581671569470036e-04
-1.013763548763320149e-03 8.413825765096365813e-04
4.312479623855701070e-04 -5.441037215669552660e-04
2.183484959230194374e-04 -7.026957135388533626e-04
-2.536258724122234832e-03 -8.307245096448618183e-04
-1.452892054668144584e-04 1.361858238747160358e-03
-9.899398829970630642e-04 -4.942647229139732678e-04
-6.868026657163408058e-04 1.046248220604501520e-03
1.780043350490334109e-04 2.946906903831290631e-03
-3.607324301439847770e-04 -3.160820892365599766e-03
1.003309504364607125e-03 -1.040793850009405670e-03
1.678436528546060165e-03 1.117658353751695361e-03
-7.086938301707339542e-04 -2.114687165851947270e-03
-2.107401182006186230e-04 -6.697226337978342929e-04
3.252871249076313346e-04 -5.996569310724383928e-04
-2.157513240914830412e-03 1.165958868468145224e-04
-6.146753916002448180e-04 -8.548242824313303980e-04
2.796839852580251806e-03 3.706065647422971928e-04
1.147998371357609928e-03 1.095052879642437345e-04
-1.677611287248664601e-03 -5.883793765957472615e-05
-1.639518587514801097e-03 -4.049242591298196810e-04
1.285299230234381203e-03 -3.308025272272639575e-04
2.670813852892120390e-03 7.219051958626547701e-04
-3.437462162348071688e-03 -1.659034736098197139e-03
1.433692583224213148e-03 3.520707710447778930e-04
1.801338175150878594e-03 -7.490734964700492644e-04
-4.916995781143703500e-04 2.955648358420317687e-03
8.334013162241970813e-05 3.248703704322516463e-03
2.531507957881656487e-03 3.885973486175753116e-04
1.171306963816478013e-03 -2.035120511066051095e-03
-1.271776075696504256e-03 4.475149251324071352e-04
8.430573136858163924e-04 -2.020296996143138555e-04
-7.911111322592209586e-05 -9.723363674123669921e-04
-1.381046427312128475e-04 4.773540466901813272e-04
-4.757401489527550193e-04 -7.257019466481283041e-04
-1.590040998618164048e-04 -8.556560604974818018e-04
1.100336007316212892e-03 2.730504990155307055e-03
-1.003633988979999109e-03 8.992183170325777301e-04
1.729034143345358756e-03 1.128015761915736944e-04
-2.158971411180858548e-04 -1.907128061431508223e-03
9.175688465599247078e-04 -1.304007176017194566e-03
-1.007763165302148333e-03 -1.367110422269271789e-03
-9.282741548406108021e-04 1.274862959805547410e-04
-1.549192689814195148e-03 7.612167181642552757e-05
-6.423917943655122213e-05 5.210297156944004469e-04
1.018681952858629253e-03 -9.982369443496971566e-05
2.398957030765452858e-04 2.259119380639900646e-03
-6.057006257018815064e-04 9.430042483453455896e-04
-2.867015507388224853e-03 1.379585680684414445e-03
-1.580785764865457778e-03 7.637296176401375944e-04
-8.886929197826411728e-04 -6.284541709382597194e-04
2.494146549091265548e-03 -1.618705262832097896e-03
2.649859771197905518e-03 -1.220809560368202144e-03
3.161119147571710489e-04 7.394260146423814418e-04
-2.047133759359020568e-03 -2.661470828814096329e-03
-1.236657637379403761e-03 2.124196416903390895e-04
-1.327072098699176757e-03 3.141863386412833969e-03
-1.197490441139537933e-03 -7.792406436064698225e-04
-5.789305040236051485e-04 -8.565966467546286354e-04
1.231832657054699257e-03 -7.608509728481321118e-04
-1.697493037203228784e-03 5.904911665143792792e-04
-4.315534313125299012e-04 -1.329359917528638796e-03
-5.301726451519413966e-04 -5.071020164882599195e-04
-1.443982998664200068e-03 9.770908210339043949e-04
-7.552539047043116838e-04 1.282764355523843369e-04
-4.973744302129003234e-04 -1.769334922150214489e-04
1.489790459111899707e-03 1.608256911513647838e-04
1.021462039289447454e-03 2.514564125952489814e-04
-1.332734390092162914e-03 5.537089919945882305e-04
-1.896190968309730647e-03 8.587872995411871720e-04
7.422491956293488218e-04 1.064732042344610115e-03
-1.301186888075609544e-03 8.652081004160143852e-04
-1.399505570667096150e-03 -2.354278608171329282e-03
8.835225527493954919e-04 6.737250324429756246e-04
-2.221346058551763284e-04 -1.878947136816610077e-03
-2.986314168403286437e-03 -1.873868764105592760e-04
-3.902650501936840799e-05 2.362444488574119966e-04
-7.669458774443025425e-05 -1.880800880929594642e-03
1.903212315371498209e-05 -1.041799423010108866e-03
5.273775245600489242e-04 3.724175457477990527e-04
-7.299567036226676468e-04 6.629739001270545679e-04
-5.265318684356367750e-04 1.480286079324337175e-03
-1.816157415877026060e-03 -9.709432926897737211e-04
1.811270906164267561e-03 -1.492879772077342721e-03
1.916236932551944067e-03 9.152702172416460422e-04
7.157888159264101744e-04 3.168093418962222526e-04
-2.072204013852469372e-04 -2.363298745027559832e-03
-2.100096002251322256e-04 -1.577963126769115539e-03
5.405254797249694175e-04 2.224795344499640951e-03
-5.678870719280548676e-04 -1.754090383661224351e-03
-6.433747109612322117e-04 -1.398556324521385910e-03
3.953655814169804855e-03 1.417698964378358588e-04
2.074962824910041390e-03 -1.459128778209748398e-04
-9.079473950714062394e-04 -1.795207300448334667e-03
2.924671110928853015e-04 -5.916325567313198211e-04
-3.084852829055542874e-04 5.780954500391042227e-04
-1.313300957659324338e-04 -1.216025665947543556e-03
-1.755675553701983079e-03 -1.395564175328863152e-03
-1.184980591977367274e-03 1.816193509206141896e-03
1.604906526734885220e-03 -7.645545057679240138e-05
-4.568522267007176695e-05 -3.306266544379544026e-03
-1.843229002274473572e-04 -2.282530992239024514e-03
-4.489436522039531039e-04 -2.751621225646145967e-03
-1.345020219015343561e-03 1.141650240822465208e-04
2.719090920339898329e-04 1.591380048710646939e-03
1.717065264609953998e-03 -3.411439987754612719e-05
4.327911183055848624e-04 4.866021682213970859e-04
9.270960924296983100e-04 -7.813656907166222554e-04
-6.369013499307907712e-04 9.442009272376065672e-05
-2.044110089213810842e-03 1.944400836236323668e-03
-5.400925663008350475e-04 -1.712951096299936604e-04
1.936778651694098915e-04 1.278066698283913125e-03
1.500514339909871184e-03 5.103947036040961619e-04
-3.374648651009261638e-04 -1.934818344477187051e-03
-2.269688057321837121e-03 -7.009880216531421066e-04
-7.504061432236512662e-05 -1.153438002483363027e-03
-8.998686187612011690e-05 4.343569813920165483e-05
8.809635600421238024e-04 7.671290897985843333e-04
4.456027880252786235e-04 -8.531178219388779868e-04
-8.102388070843025104e-04 -1.497446214083671514e-03
-1.348086573285116069e-03 -1.355328934394676912e-03
-2.166794879092872814e-03 -1.476847311037439827e-03
7.411469491079121985e-04 -6.818360541002354766e-04
3.390837694940508412e-04 -1.902327362029425416e-03
-5.314439945948160526e-04 -2.292065351915790593e-03
-1.547576169485965570e-03 -9.275494501072443967e-04
-6.283908298570201707e-04 -2.255458497629294658e-03
1.264942552040478020e-03 -1.587067229299255963e-03
1.636273031245308361e-03 8.723874368260361393e-04
-2.680598183486828886e-04 -1.444421026177794944e-03
2.276363868426545516e-03 -2.025160208159303404e-03
-3.140664088442379764e-04 -8.331843310994707002e-04
-1.025872906139000144e-03 6.104224147642025883e-04
-8.172786595443664454e-04 5.371089590899380106e-04
1.545046493436145682e-03 1.395078976309396292e-03
5.231044560968194492e-06 7.520982367469951444e-04
-8.412420896764334546e-04 -1.376655413697273986e-03
1.767571501486769328e-03 -2.661450554461591324e-04
1.017098698687057563e-03 -6.446836748849230731e-04
-6.444862666265580671e-04 -5.686706360636203548e-04
-2.477926708574172405e-04 -5.561786804197797101e-04
-1.558733811694217562e-03 -4.535892508278495383e-03
-1.148023458930099621e-03 -4.412277602543979377e-04
2.189086896456114229e-04 -1.146445900154767191e-03
4.869319745413347466e-04 1.273964886073520155e-03
-1.112909687818662377e-10 6.411417933267176430e-11
-2.442120975681178727e-11 6.303348622822241100e-11
1.376400826647028381e-11 2.905859688042451112e-11
-1.292123340863276243e-11 2.914902939433234535e-11
1.897232153126791763e-11 1.166713828723179085e-12
-8.062319870248493141e-11 1.812267523548793906e-12
-7.881774320507771441e-12 5.636332763609657355e-11
1.669143593182756804e-12 4.989414875303640624e-11
-2.083658777264828160e-11 6.840310762257218368e-11
-5.792590073280415686e-11 6.545342094927200649e-11
-8.306065131326510112e-11 1.001841773825721037e-10
3.553113596994299952e-12 1.406088189532488791e-10
-3.767520168856159647e-11 8.385894147243983618e-11
-7.488600501113059427e-11 9.571144837001403794e-11
7.628831217536863310e-12 1.352886849472926095e-10
-4.931781358297193973e-11 2.356885939638104590e-11
-2.986324895704051285e-11 6.545768710794089378e-11
-2.913937971868055865e-11 1.093840128989815607e-10
-3.938551240106098196e-11 7.618331721423058681e-11
-3.945470378979061181e-11 8.729115779813542762e-12
-2.792526464036525141e-11 7.385624496901245837e-11
9.179745574794395744e-12 1.025211658622904284e-10
-1.954924650731421949e-11 4.122203063022007124e-11
-9.837204042422482795e-12 7.406364033973085344e-11
1.820276615946018173e-11 -5.384232117695247401e-11
4.170947844546666737e-11 1.434515635247356058e-11
-3.752177556754737244e-11 4.327015026046281764e-11
-3.868402652770378152e-11 1.630779352826802413e-11
-3.536157583020457081e-11 -9.277147715710690439e-12
-2.645519049858181900e-11 -3.107738776637297094e-11
-1.342836020950295063e-12 -3.885577106098127696e-11
4.834558921846492636e-11 -3.599874003862797887e-11
-2.769691460307350306e-12 -4.985958545834976891e-11
-3.598991324206744448e-11 2.099246629702225844e-11
-4.862774300292852175e-12 5.981175693614559983e-12
1.529651992372902880e-11 1.014135283686609311e-11
6.985197261880468578e-12 -2.911748421739547948e-12
4.389634863932734303e-11 3.413191905697411856e-11
1.180013575195957937e-11 -3.485300024776348332e-12
-4.888381614181242837e-11 -1.838939099211131222e-11
2.493216285212199725e-11 7.653333047665165074e-11
-5.285303586653545996e-11 1.993152591385692442e-11
-2.491678294247456814e-11 -1.022974016012018975e-11
-5.077531081351671819e-11 -4.825661945436924080e-11
-1.482557641136710736e-11 -2.022325377224504997e-11
-1.272996002261399876e-11 2.973704734835333026e-12
-1.110610084057280895e-11 -8.605964953564297274e-12
2.668026343506062743e-11 2.591453196377451666e-11
-1.002830116566702845e-11 2.425655540515071873e-11
-2.239300986702933250e-12 3.427679023551962716e-14
1.984003073932491053e-11 -4.752187984890283435e-11
-1.544892269667030795e-11 2.476935612965342850e-11
-4.178570896537899837e-11 3.328517772912701374e-11
1.857556420189635403e-11 3.646292336767894855e-11
8.047706356476399377e-11 -6.211712124829357657e-11
2.113524767897802295e-11 -1.001595721242650863e-10
-1.014680905765872950e-11 -1.932577052752927906e-11
1.421449763450155501e-11 -4.732962184870816308e-11
1.616313265768403566e-11 -5.575994640223085891e-11
3.317423466883288019e-11 -8.212330941769525186e-12
-5.017723538752738473e-11 3.612132086494579203e-12
1.917622056682047821e-11 2.537303631089393654e-11
-6.107872221883247567e-11 1.618124741341122029e-11
-4.486300825130652905e-11 3.204253846383104470e-11
3.945791955078143496e-11 -4.866643911273703155e-11
4.469655152443209880e-11 -5.697584700663822145e-11
-7.978230417585559982e-12 1.422665431889085500e-11
-2.657780329151648935e-11 -3.046297729694668933e-11
6.572399867027710475e-12 -4.106685095158927224e-11
-6.980884806725588084e-11 -1.214138736969706942e-11
-2.752575988569055005e-11 -4.294961011345823225e-12
-1.643257220772044520e-11 -6.871461491079041536e-11
-3.778350374635966784e-11 -5.194803131309504769e-11
-2.216537034273523204e-11 -1.065458118061833421e-11
4.066676487620871229e-11 -7.418541695815791068e-12
-4.544845841187940319e-11 -4.775840519682145703e-11
-4.639981432804799056e-11 -6.728515695997306329e-11
-5.358150990358063213e-11 3.607222171757891050e-11
-5.048309522399334917e-11 5.304969799755999862e-11
-4.543974066065611302e-12 -1.004748817875647939e-11
-1.364751216798814375e-11 -9.621195705213279639e-14
-6.206754370384283476e-11 -5.082389755082873941e-11
-1.169274255296321659e-11 3.882052377969711847e-12
3.243165026216893752e-11 2.296776082813930708e-11
-3.609761834682296495e-12 1.252098940402695272e-11
-4.360996044813967722e-11 -4.232471901724884758e-11
-8.064125311957325989e-11 2.914413955208099497e-11
-2.240527992303231664e-11 1.008197606625270232e-11
-1.361354275340533309e-11 -4.548410733864630817e-11
-1.054988140498330028e-10 4.706170097472968062e-11
-8.064157080196160160e-12 -7.951959968475831387e-12
-2.536169391561696537e-11 -6.579615618213757028e-11
-6.566990873709980665e-11 -1.648833629154720640e-12
4.121841756798971801e-12 -8.182138622390779486e-11
-1.568857703966784580e-11 -8.686232431744298886e-11
-4.105418802532615438e-11 -3.844573504790155799e-11
-7.932372708090757291e-11 1.471759091582163606e-11
-1.245523842198701955e-10 2.838578489324941925e-11
-3.784842485304466036e-12 -4.356307871972957538e-11
-4.135818506306236192e-11 -2.711633413841698120e-11
5.377636114189954500e-11 2.854111044725549107e-12
8.892457484651774833e-12 -5.147818980612482802e-11
-4.915124180675840076e-11 -1.696068492001196762e-11
-1.952622000597362532e-11 1.568629432695851355e-12
-5.720391287639919337e-11 3.073630921208396882e-11
-8.229262017854311717e-11 2.687021585393420045e-11
-4.050863533500148347e-11 1.133094427809209910e-11
-1.841429802291421529e-11 2.521288186166767068e-11
-3.689773252808186693e-11 -3.211571484941698353e-13
-6.331258898103645871e-11 7.024139920502088404e-11
-1.714658431113085523e-11 -1.235874218439926779e-11
-6.002810574009690843e-11 -3.945016821152843910e-11
-6.443321947419937527e-11 2.620926277595105185e-11
-3.428228526455460094e-11 4.734787562021836038e-11
1.769977712015194683e-11 -1.810161829953114813e-11
1.362539160863564410e-11 4.467915799238092953e-11
-3.739257249073852549e-11 4.061473641530405929e-11
5.854278530202452224e-12 -1.842667256874668638e-11
-5.559953909971072860e-11 -3.594782368602064433e-11
6.197760899733545568e-11 2.383813630617887633e-11
4.906591097705462683e-11 7.697413807540774058e-11
3.942085340697636973e-11 3.038233339517201070e-11
4.031694914427167176e-11 2.569661170356443967e-12
3.953152170689731885e-12 9.883893584535944824e-11
-6.676453358421342655e-12 3.999818714334984229e-11
2.401923874081493784e-11 -2.819703756199284436e-12
7.444467923064682536e-11 6.286554705375075836e-11
3.420222676504230034e-12 4.946449852890769277e-11
-5.682512056142436756e-11 -1.008929408273319648e-11
1.570656251884524826e-11 -5.181734930026493683e-11
8.011529217810675877e-12 -1.281039342065121977e-11
-1.626695536208596918e-11 1.096344860134530153e-12
-1.367704138436184482e-11 3.041330489038175676e-11
-5.589579783154314298e-11 -3.896943593214733049e-11
-4.855349313080483277e-11 -7.652732812525795529e-12
-6.502844231347029018e-11 1.376315557553655059e-11
5.988390814972075867e-12 1.116150616375932752e-11
-6.885637298432405687e-12 4.129322154052975185e-11
6.025429679011397758e-12 -2.608727519718253594e-13
-2.191219729473305380e-11 9.004770778237818706e-11
6.591124471607860089e-14 6.255257724495167759e-11
-5.819021538431914014e-11 -3.639528678434089573e-12
-4.561312950362201554e-11 9.184301620811043400e-11
3.969715849689541708e-11 1.818025729960481969e-11
-2.596362073749501431e-11 -6.040546412273378294e-11
-1.991583802635992426e-12 4.698937960956328833e-11
-6.549036233950898359e-12 4.488847656675914512e-11
-6.172517354384256167e-11 3.245539934026986683e-11
-1.078290076276086165e-11 2.558263791284178325e-11
-5.309455696529090836e-11 4.192439189460677709e-11
-1.235012905434881428e-12 3.018118350477700766e-11
-5.870336276604858258e-11 1.548441422701988041e-11
-4.602706914015795749e-11 6.036798513456684133e-11
-4.343096168416390660e-11 8.546609594642769773e-11
-1.180746928801974162e-12 5.017651978435542547e-11
7.121653475272715994e-12 6.378857442257412848e-12
4.944051620484454489e-11 9.136006871658862185e-12
-1.865133825162956860e-11 2.561944656420678166e-11
-1.590348892260047012e-11 2.001359612757713739e-11
-3.612384976465448164e-11 -2.493335664916734132e-11
-1.297738345356387067e-11 -5.131598358049105034e-12
4.533616240357371421e-11 -5.515256985238232565e-11
-2.975335422483738212e-11 -2.633416984476610775e-11
2.390820922190276510e-11 1.439102210414639621e-13
-2.718976155335894938e-12 6.571311352208754725e-11
-3.900149857833617224e-11 -1.612346847304887611e-11
-5.437553165669026061e-12 1.830382670827849171e-13
-2.208308773938532604e-12 4.078730385183503061e-11
-2.552789856486675062e-11 -1.321259054546227927e-11
6.651242382257496900e-11 9.711966151927851111e-13
2.287139892158991223e-11 -1.769827530560620742e-11
2.624493911878340342e-11 1.593663871007899896e-11
4.166189869282886317e-11 7.162989249362031628e-12
-3.058821854537033662e-11 -3.289241490289640239e-11
3.903709760206502405e-11 3.029043000551163590e-11
1.640540037151083562e-11 4.817327394133842846e-11
-1.096258449097474310e-11 -1.165239968007166943e-12
5.935386388727132365e-11 -5.091555566050231996e-11
8.447612058283736429e-11 -4.490640304055659545e-11
8.620284684481204333e-12 -6.238985122181922343e-11
-1.701655165981768266e-12 -7.089219140293018904e-11
-4.856872574756009139e-11 -1.996674032460938454e-11
-1.112493533802653013e-11 -5.108693833046272405e-11
-8.279900574694108335e-14 6.107999503005398327e-12
-1.711778506639584487e-11 -3.439276387494162921e-11
-7.462492370078979145e-12 4.996690632681171284e-11
5.927019494248294806e-11 2.400294249075126948e-13
-2.003040273328744250e-12 -4.787065196624037473e-11
-1.041240926813458190e-11 1.290539607718648522e-11
1.077172954008379469e-11 3.484615500910186709e-11
-9.912431708780644354e-12 -4.461353992584499944e-11
2.441107609702746547e-11 2.090882800231952504e-11
-3.038397470131063508e-11 3.436637319958230624e-11
-7.415954390259978090e-11 -5.581179950737385053e-11
1.169567304115659645e-11 -5.795815744003007653e-11
1.009186668756077475e-11 9.228375603369849187e-12
2.124269982139992524e-11 9.347471685572372024e-12
-4.994584587184444462e-12 -7.291052380889848145e-11
-4.858678804524936209e-11 -1.049830976120245794e-11
1.024229708982257334e-12 1.618794225650382093e-12
-3.210924871226745238e-11 -8.273464844768936929e-11
-9.551448144311841830e-12 1.492037971348051207e-11
1.314069202657768604e-11 2.292119415153329515e-11
-1.239690758777659433e-11 2.303438215341124910e-11
-4.779504399397640067e-11 -4.158140510484338182e-11
-2.908848506312709717e-11 2.290446693916013563e-11
2.190223585829542582e-11 -4.605717612848891821e-12
-5.507432514008568548e-11 -7.472608169150391804e-11
-9.321917127103063453e-11 5.872461647912377508e-11
-8.022777377952079621e-11 -5.284323085042343659e-11
-2.260485911549053233e-11 -1.592710566608194034e-11
-4.751292930522360072e-11 2.307521007605117957e-11
-4.255337487142035171e-11 -2.826108004858448658e-11
6.426694320069544667e-11 -1.693734232231593294e-11
-3.654722635637597509e-12 -1.721366690061414720e-12
-6.611801481315460607e-11 -2.874809604159438650e-12
-2.861243862871200533e-11 -2.554552452508193185e-11
-3.809574612117267620e-11 -3.379951501220850739e-11
-3.812374119766775251e-11 -5.202888760697759591e-11
-2.527718494833257914e-11 -2.146657556433775123e-11
-2.185545776102669174e-11 -2.114182111125271818e-11
-6.909711291231650915e-11 -2.153891927909284247e-11
-1.257022248195888949e-11 -4.106586420122531669e-12
-1.880833654991999475e-11 -3.683401504441162571e-11
-7.158266689717101463e-11 2.602565565834602368e-11
4.945326247217980350e-11 4.976659110605170478e-11
5.620899658419022272e-12 -2.295177561895123094e-11
2.958296124931449154e-11 4.404734180571015967e-11
-7.975751085369837014e-11 2.294180432928425993e-11
4.912955657378402125e-11 -3.554979798631967576e-11
-2.801949544408076189e-11 4.372599052678997226e-11
4.027005494939521917e-12 3.134048935240159441e-11
4.236570396086238209e-11 1.912533727618396063e-11
5.058144667994099256e-11 1.387760541403184000e-11
-3.698884388265393326e-11 -7.964382889302790716e-11
5.046562374338187669e-12 5.042681510453965666e-12
5.415480341941502977e-11 6.266804301681614537e-11
-3.458938294517314048e-12 -4.684965540513452967e-11
1.463727659168198047e-11 -6.238116662116155815e-11
2.929120142864632306e-11 1.622487998120813935e-11
-2.148192487981339003e-11 -9.484561449716162906e-13
-5.780728795447474841e-11 -2.114017266796608371e-11
6.519684948659763090e-11 -1.062344138253694966e-11
2.044734805332309168e-11 -4.878952032066103751e-11
-4.491627972336154461e-12 -3.617375535398814882e-11
5.954548798481340038e-11 -2.857523412336249335e-11
1.983750747003298975e-11 -2.992931078071065529e-11
4.653000092367877888e-11 -3.738212825101941950e-11
6.299285906389125892e-11 -5.925064872268150427e-11
7.010706850369656839e-11 -1.075368882805437051e-10
4.339557079751405963e-11 3.861967645481443719e-12
-1.658917122718658408e-11 2.624667138390839761e-11
-1.408974420766659032e-11 -3.487345576996021502e-11
4.082246427799291652e-11 -4.172009827637419108e-11
-1.515715384552735617e-11 -3.208212168148705246e-11
-4.193666874081307741e-11 -8.218629520987238420e-11
1.873586925485845157e-11 -2.045992881069150708e-11
3.108564964961400425e-11 -1.034139480398416931e-11
-2.086987749283508603e-11 5.530083353545909902e-11
-1.009353913942031648e-11 -3.638660332612254828e-11
-1.075034022615265371e-11 -6.183883495051802609e-11
-4.788485904917110590e-11 -4.309962684364724441e-12
2.842704018608215600e-11 -3.125628886665613349e-11
-7.642425122804188271e-12 9.413889350590969672e-12
-3.061990498455711642e-11 -2.429141806354578086e-11
3.274685005799638001e-11 -1.340869862563400124e-11
1.227792125905021920e-11 -1.600656541835197719e-11
1.399252509494606898e-11 -5.304491663128486881e-11
1.482868274662061111e-11 2.229676752753460489e-11
1.346990368451222150e-11 2.201446492362218357e-11
2.357510444797991239e-11 -1.261705799609650118e-11
-1.614883702951073905e-11 1.247342963044723786e-11
2.387032833300090808e-12 4.252240266249580044e-12
-9.766288670633369307e-13 -4.497857673119165460e-11
-1.181831918043282452e-11 -2.566162535226078612e-11
7.430328175656031837e-12 -1.161374777101732911e-11
4.258725671716209267e-11 4.589656039150862539e-11
-9.568218681651633632e-11 9.467713280031375883e-12
-1.455208578637901036e-11 -6.692795203956856157e-11
1.724638703673850016e-11 -6.925525722345504624e-11
-2.102148042938876795e-11 7.981609311972067284e-12
-1.749732204363902752e-11 -9.684063868269682560e-13
-3.848894018479035532e-11 -2.924025220364865894e-11
-1.532282328797762755e-11 2.507633192364419316e-11
-1.035794757504276188e-11 2.494632793987554843e-11
-4.841642051316351244e-12 4.227860191901339816e-11
1.148137561214822124e-11 -2.758083429302679330e-11
-3.214815803446021817e-11 7.068826170490110018e-12
1.991448831236855879e-12 7.315172223421833551e-11
-1.077502246157483329e-11 6.299837367051975189e-11
-1.161824894227844336e-11 -7.946940577323115335e-11
-2.773941691426783036e-12 -1.968430755696003052e-11
-8.675043962942068771e-11 1.861460919929034924e-11
3.473889430085007316e-13 -3.102052254947259424e-11
7.100178233053279517e-13 4.894796227069722968e-11
-2.620802896131329467e-11 4.269065589130554076e-11
-3.908216497451798230e-11 -8.092036651863310123e-11
-1.942234192919833876e-11 -3.885907657160839439e-11
6.692844529208081772e-11 2.119817085755037944e-11
-8.649491333361354980e-12 9.008040468312066070e-11
-2.688948428998725970e-11 -4.135611020306129052e-12
1.345738639571944031e-11 -2.163566246794955204e-11
-5.730165461173949319e-11 3.308966319202712113e-11
-8.523784297434897082e-11 6.013383418197143058e-11
-2.903692770355499067e-11 -6.929572154185897362e-12
2.211568372878502890e-11 -4.758029208724273209e-11
-6.617908721029408267e-11 -1.581879246640280019e-11
-9.381441433222091030e-11 -2.704985790913383335e-11
-2.159185015306240359e-11 4.605368332720262487e-11
-3.533744225807973161e-11 9.015673921705261605e-13
-1.057569638212336394e-10 -4.639819897337257804e-12
-7.096038776418670229e-11 7.462051651189025035e-11
-2.947464423324370553e-11 -7.611525774743809447e-12
-2.975657958132720444e-11 -5.391887484115390558e-11
-9.027710943877918605e-11 5.511810809353891425e-11
-2.720479924667173877e-11 5.194895922163870147e-11
-7.379275825312804699e-11 -8.589714495244038969e-12
-5.810654306921086245e-11 3.884183117998572752e-11
-6.066528612791443606e-11 -9.644302499469047629e-12
-1.504489191958161441e-11 -5.318676138399425290e-11
-2.435222127125261549e-11 1.079410604549429316e-11
4.245169117027864441e-11 -1.130545252652532458e-11
2.328538976716286100e-11 -4.916490548012575087e-12
-2.049208755064820908e-11 2.180456148970222317e-11
-5.128408967333290073e-11 1.361414774565210809e-11
-3.299311696863022718e-12 1.950078724491774191e-11
8.516854840426698263e-12 1.754358436301117737e-11
-6.160192229336709779e-11 2.636265348878095920e-11
4.442660985125103452e-11 -2.869821404326091176e-12
-4.994663048231627708e-11 2.866436762552889921e-11
-6.786076208900989352e-11 8.609671531267793150e-11
-1.175322141198721858e-11 -3.647668801929983682e-11
3.629467932546909926e-11 -5.011223892197642335e-11
-8.624191781349464357e-11 1.601794863415051512e-11
-9.801783591128249390e-11 7.363412554298573504e-11
5.312211781571818554e-12 5.311006428294311535e-11
3.903504503759742427e-13 1.303766459871878471e-11
-4.850534402705315163e-11 -3.985852624145890060e-11
-5.537233068889487712e-11 -7.286332315281640293e-11
-3.302299132558671015e-11 -3.961833161140023651e-11
1.283508133109734159e-11 6.966798883821314078e-12
-4.175842291001937759e-11 3.676202279098309367e-11
-4.966886156333925527e-11 4.819122862669595739e-11
-1.632737778312076748e-11 -9.388073461481991710e-11
-5.927602563555416880e-11 -7.179101519610193362e-11
-2.619767339570192282e-11 -4.089734035555332237e-11
4.193681116656680922e-12 3.251844952042606963e-11
-2.616057878260643837e-11 4.500094075154947885e-11
-1.465341150007150661e-11 7.529967205321952664e-11
1.916587206401183229e-12 -7.283447821050868570e-11
-2.423413596781236641e-11 -5.316126483467797718e-11
7.275995044559684473e-12 3.161161709381537180e-11
-1.890673966593275317e-12 4.483229989630085624e-11
-6.424215223280579984e-11 -6.179877125906634455e-12
9.075747296551282111e-12 -3.464237841033224108e-11
2.640689730374187242e-11 -8.751770498781142767e-12
-5.230575203122153326e-11 3.015754915633043058e-11
-5.687814259263441113e-11 2.242730168244832937e-11
-3.311265848817056350e-11 -6.706261720549175312e-11
-6.365747516414087342e-11 -9.187171598875767878e-12
-3.035450652737787293e-11 -1.885138513544961003e-11
-1.413277304708669443e-11 -5.527952928741086525e-11
5.397829944924532331e-11 -1.164846378084608362e-11
4.065146810442296621e-12 -4.880495055711468089e-12
1.468549567665685721e-11 4.202539887516414688e-11
-3.037239071357334036e-12 -3.787113876464940804e-11
-9.122187132654907188e-14 -4.723703816988944249e-11
1.097507212095243726e-11 2.062772833496698722e-11
9.337662365549448189e-11 -3.778656062650550795e-11
5.979253608107931116e-11 -3.555553240719433616e-11
5.909916365810983712e-12 2.011363756600413551e-11
2.580574960069676855e-11 1.789214708931246237e-11
4.108701973886447905e-11 -4.154511802039501753e-11
2.440937945816631639e-11 -5.564366546893596957e-11
1.307073504985822826e-11 1.641438675457708642e-11
1.309623044930065482e-11 -9.735264657909478519e-12
7.396548532386963329e-11 -1.515982157267765208e-11
9.737738797850020121e-11 4.093847657696666704e-11
3.264691461613011980e-11 3.242154429848399691e-11
3.351644136831818617e-11 -8.133611823739934485e-11
-1.755836745839392853e-12 -2.388310914115875022e-11
8.236493340537823631e-11 2.328561407186465923e-11
4.158504857925444595e-11 3.060385952594454387e-11
2.420697003957528208e-11 -3.793067139149349912e-11
-3.099399467235538722e-12 -7.213997423237219192e-11
1.190726390503422416e-11 -5.735617171685549137e-11
-2.058768869669539119e-11 -8.720419085252371585e-11
-5.415443599507011516e-12 6.710337460294876569e-11
7.827535718802585805e-11 -2.230899338278342360e-11
9.744261159865581560e-11 -8.561939633468439511e-11
7.643286004110905237e-13 8.279485390933720485e-12
2.924008947667390474e-11 -9.429612781085085909e-11
2.814927735350636275e-11 -4.648597949035477832e-11
-1.971805865411521357e-11 -4.615653026451838085e-11
2.589251931909128090e-11 -4.207814477804764135e-11
1.532876865122696285e-11 1.168440582383872072e-11
3.624097038341338753e-11 -1.020437480546222862e-11
-5.018164526772648661e-11 8.535504049587772892e-12
-4.773298954509540209e-11 -6.542167728186752973e-11
3.980633132640219760e-11 -4.969299368820908765e-11
4.004693846379073752e-11 -2.276157575912104678e-11
3.610551334100518796e-11 2.558410943415927742e-11
2.637245818551800200e-11 -6.047182881425377733e-11
7.115721662691904738e-12 -4.455566740954200560e-11
5.425633450454166976e-11 -1.489304298932633465e-11
5.861378620559370532e-11 -9.911169345550824185e-12
3.604416943485994560e-11 -5.657984493621727369e-11
1.457190450843930760e-10 2.522151079257081394e-11
3.667300272981931106e-11 -3.152341943035707717e-11
-2.831705029190548493e-12 -5.897410674883728614e-11
6.570169134935609047e-11 -6.397173671742909366e-11
6.785345418472817858e-11 -5.567697350780268122e-11
4.807263967851074964e-11 -4.367888468573674099e-11
4.107657452274387247e-11 -2.225486263527999613e-11
3.160869641424416480e-11 4.971549164408831220e-12
7.887481112689443008e-11 -4.385350106859777221e-11
-4.560770539008274253e-11 -5.747515304957825750e-11
-1.891551178586795353e-11 5.509689767916167400e-12
9.021589532960077963e-11 -1.124169297333261435e-11
2.998077373663120250e-11 -4.812562273296246988e-12
4.626023897280617828e-11 2.001551440462228316e-11
-1.285576407233130822e-13 1.720252303700447179e-12
-7.460555189504296104e-12 -4.535824097270538539e-13
-7.974278681821545444e-11 1.566430413950976230e-11
7.909869299232192073e-11 -1.891570769066827326e-11
8.802411347438469457e-11 -2.938144259635931190e-11
5.065122971841568664e-11 5.053391966785320538e-11
1.240866715728523323e-10 -3.158420156365185945e-11
1.328696295845231552e-11 -3.865613289783758110e-11
-1.808067148382061258e-11 3.350983617573482389e-12
5.757317456112076493e-11 6.305044343766853406e-11
3.373740683646327846e-11 -2.135619748504830975e-11
4.668522187881560114e-11 4.385369805388299554e-11
2.103762259635695124e-11 2.745995593609964030e-12
3.360558920425685958e-11 -2.422267632505383241e-11
-4.390200266815976570e-12 -5.117003471737697744e-11
-4.262507866511658513e-12 3.527880352928645630e-11
5.804106396889441041e-11 -1.709139567968825088e-11
2.163571916862545272e-11 9.081307134855315737e-14
-3.843973472861250426e-11 1.782165724519200890e-12
-1.693604296486889815e-11 -1.752416136805276238e-11
4.955308956817410256e-11 2.020545001154719669e-11
3.408430601251463309e-11 -3.167563536862364500e-11
8.071773931790054119e-11 3.752058457579770167e-11
3.519167378142538813e-11 -3.424116213782531977e-11
-2.791546327429728236e-11 -3.235263898052461570e-11
-5.901137463602625885e-11 -3.704617184447605163e-11
-1.271581340223093606e-11 -3.059541072872714902e-11
1.587251925132855008e-11 -3.613903351177125040e-11
5.609201412872164933e-11 3.996119463112179966e-11
-1.001963294079897871e-11 -3.332889139276825977e-11
-1.047432751644095061e-11 -6.416073783377385615e-11
1.672261424572647153e-11 -3.966046039202300889e-11
-5.623671116085558318e-11 8.354634295889720526e-12
-3.701378092912932516e-11 -6.680176697518699561e-11
1.899659358388967327e-12 -5.125868848424427881e-11
1.532073547392899883e-11 -1.949902318974596103e-11
-1.464979744657059337e-11 3.061206756336889088e-11
-7.430671855601645358e-11 -2.109683190048323521e-11
-3.809273721852183196e-11 -6.224446941998402251e-11
-3.687859317528082710e-11 2.622775243020316011e-11
-2.438964704801601770e-11 -1.958205982287099318e-11
-8.808900085556713197e-11 -8.366593568747455649e-11
-1.172107852442927326e-10 -6.017399118667705509e-11
-3.907712328324716203e-11 8.071689031449327866e-12
-7.497435331301919256e-11 4.086508671135342470e-12
-2.459275434090508563e-11 2.913813563447982059e-11
-1.483738362332129027e-11 -1.808997237720940918e-12
-2.037661168764946697e-11 -1.536729929815397780e-11
8.500740944494821540e-12 -3.556833197019112462e-11
2.684283271849250933e-11 -1.005023248155735747e-11
-7.048690936484191576e-11 8.943378109511306546e-11
-6.749319293928936896e-11 2.717774564921425203e-11
-9.228190196124736979e-12 -1.034204821979768879e-11
2.242648828547950262e-11 5.051907045968061284e-11
6.533288180296129208e-11 5.428177558235753288e-11
3.284798885275616157e-11 -6.376173101412569278e-12
2.476436389287073299e-11 3.617866879095694356e-12
6.190773608035929861e-11 2.136141010110139180e-11
2.131644067609223796e-13 6.134463952684703650e-11
5.719547327817256593e-11 9.850518099620484476e-12
-1.697510659814938211e-11 -7.696953138339575910e-11
1.179529576690001966e-11 4.540478374234372294e-11
3.162970092190115458e-11 8.106471799385062179e-11
3.521956583517140011e-11 -3.122709805022542144e-11
6.069241379310799743e-12 -2.920982467807015668e-11
5.578702460302358763e-11 -1.649305033816058741e-11
4.508582523194653275e-11 -3.908114784171142823e-12
1.835570124469094495e-11 -9.878282398417021435e-12
4.253668552310431652e-11 -5.713579601504140608e-11
4.391626553484113302e-11 -3.663209180437831656e-12
-3.395128820939317566e-11 4.561667615072500003e-11
-1.970216640628003982e-11 -2.808103939853724794e-11
3.495014833099219361e-11 5.106539599905194378e-11
2.338650763124481833e-11 9.825860204846849221e-11
2.589940960108703889e-11 -6.497697308776347088e-11
3.322393511100735976e-11 -3.129052572603541194e-12
2.503222771922862410e-11 2.414784261439706292e-11
-3.660122427362466831e-11 5.261031983077353269e-11
-4.808430010312075318e-11 -5.624685392050362575e-11
8.251629776293408688e-12 1.911821169629592334e-11
1.722362855513129756e-11 5.026959775032503685e-11
-3.248392118785200843e-11 3.462031748581649380e-11
2.458083926880151691e-11 3.135562833188133934e-11
2.366789177342200702e-11 -5.552457981489971353e-11
-1.759235122657441567e-11 7.701326100649298282e-11
7.792443357246269965e-12 1.246411926051190935e-11
4.380898374226457359e-11 -2.913796184492564138e-11
-1.381814131372140475e-11 2.688999080941683237e-11
-8.825019603975193405e-12 8.904438979812872791e-11
3.131840723266269307e-11 2.352205113227106356e-11
7.915678208141636799e-11 9.135259215753421248e-13
6.231850829025680053e-11 3.366213304132971760e-11
3.206876113865624806e-11 9.908753690573185789e-11
-2.117278820522118671e-11 3.352471776376019035e-11
-4.353805280584868983e-11 -6.302347453436750301e-12
1.285633314093307238e-11 6.108532330755573020e-11
9.180288592805904647e-12 2.392393109015448200e-12
-6.950891100793958880e-11 -5.914016704926845562e-11
-1.273032473087758851e-11 7.036214301679523614e-11
-7.708343487321046909e-12 6.197652867103086017e-11
9.816714742681500140e-12 -3.526894252838173670e-13
-2.353150317459449840e-11 -3.564758147397587437e-11
1.733639700050661521e-11 -1.085958454113570098e-11
1.235115660540892808e-12 -5.246280790746230113e-12
-2.367477650430263995e-11 1.012122368455286323e-10
-1.133581102002218795e-11 6.538274635988930791e-11
-5.001096362430449465e-12 2.125345812041347689e-11
6.009882623305071761e-11 -7.569687733775611149e-13
-1.884004119379056926e-11 4.585628971780814938e-11
2.495789864458737005e-11 3.701556521613318852e-13
3.276692203283256984e-11 3.228368199754376791e-11
2.928857822936947715e-11 3.958409726984817836e-11
3.719039679391958364e-12 4.020815918310510068e-11
-2.505011706003098807e-11 -1.234778454087656329e-10
-5.843912048719701498e-11 -3.787293732594930208e-11
-8.690451747117578521e-11 -8.863687403096573123e-12
1.811039881552797357e-11 -1.192771695896726292e-11
-7.477728912265644610e-12 1.128855532859875371e-11
-2.405957528444397604e-11 4.008973436949884176e-11
-4.465282886501054145e-11 3.991132487993606218e-11
-7.215445883636461063e-11 -1.939141688492692829e-11
-3.284415390452417084e-11 -2.773144158751961134e-11
-3.964994903833078998e-11 1.359209205504490596e-11
-2.320622662286910058e-11 2.832210783359252272e-11
-8.522853050292005180e-11 3.535539079755980076e-11
-3.048518199782230517e-11 7.938467375520222913e-11
-3.143868625749795227e-11 1.791300151860702092e-11
-6.592267493792698703e-11 2.133316467922696828e-11
-5.354872236105835728e-11 5.401922052529682174e-11
-6.776603159571895168e-11 4.559810499420764293e-11
4.500629868786631927e-12 -3.243885017743609795e-11
-1.285134213332586979e-11 4.596240134522945604e-11
-4.686846862992207940e-11 1.369492297342844658e-11
-6.049123091322882715e-11 -2.432406855300074888e-12
-3.098982752953409765e-11 2.132959848426858203e-11
-2.424512146603774609e-11 2.223125461497943395e-11
-8.459915839293634554e-11 5.981422404996042324e-11
-9.905343283695649181e-11 3.805053034560452180e-11
4.591044211466055135e-12 1.964716294417761153e-11
-5.605671387393889082e-11 5.275025701959431748e-11
-3.898471616954018480e-11 6.958690160802876729e-11
-1.783723280190940944e-11 9.294140460223777640e-11
-2.056336593067190468e-11 2.555484316221371351e-11
-7.049333894393328654e-11 -4.122348557749384044e-11
-3.027525777695874866e-11 -5.592443111776138495e-11
-2.198005555342774538e-11 2.955185643812744559e-11
4.661374825814286124e-11 2.752334196863350108e-11
-3.158344988318795495e-11 -7.483904924348345724e-12
-8.005083136047071157e-11 3.142509585885022457e-11
-6.744472440851317033e-12 -1.773942358086953388e-11
6.455307590057047784e-11 -1.928842050366189445e-11
-2.465882567581623034e-11 -2.820908839851199497e-11
-1.286453229657321895e-11 -2.746451141907460768e-12
5.420187092803578928e-11 -4.364234452000229692e-11
-2.615265559668955497e-11 -4.040618950540420361e-12
-3.551632662571587843e-11 -2.170215578673711257e-11
-7.675724674908021116e-11 2.887211549205760825e-11
-5.235132962054324762e-12 -1.934391139332295177e-12
5.394423003528864867e-14 1.050317087271577796e-11
2.117035824422686222e-11 2.992465513480218382e-11
-2.246888425316839731e-11 -1.493510807090306799e-11
-8.295119987725538278e-11 -8.548948057399538439e-13
2.838529665284892869e-11 6.537155895967674290e-12
6.241154652610246472e-11 1.016620684460686314e-11
-5.896556615996624253e-12 -4.716794288484038563e-11
1.941324922245206870e-11 -3.147329129458777565e-11
3.692122425252060118e-11 3.530932201385133483e-11
4.272758078401249550e-11 -5.460537577661739467e-12
7.287621300073559241e-12 -4.747948756378406369e-11
1.427715023982756417e-10 -5.808183886227677047e-11
9.039679163943706869e-12 1.738662943776400176e-12
2.587213911363152366e-11 3.897038549003996524e-11
3.828449763559100421e-11 -5.717879701462789442e-12
5.526613738077961183e-11 3.321429702702565773e-11
4.012475431279329239e-11 -3.404487390414244169e-11
-5.402686560034603925e-11 -8.518971401321502616e-12
3.755307461820020286e-11 2.833552995415037115e-11
-2.227907364546081043e-11 4.244659211418065449e-11
1.055530107763047543e-12 4.376127690378491649e-11
4.950272223881922242e-11 -6.426750243093692560e-12
-2.525600998179048148e-12 -1.952858842889172766e-11
2.427036619298153925e-11 -2.708521541970400537e-11
5.799688951313441743e-11 -1.063976890718671700e-11
-2.467774853512746698e-11 9.186710241732803430e-12
5.961126394092376643e-12 -5.213523581103020780e-12
9.047490098382634822e-11 8.357108973098904949e-11
3.223239072472746758e-11 6.670939277166253054e-11
-2.937005916248125200e-11 -1.193165820114115568e-11
7.077438762032832982e-11 1.995338747403810630e-11
4.614845600896850299e-11 4.647513727037581063e-11
-3.715953132500869595e-11 6.839602170341915609e-11
3.593765856330882042e-11 -3.052712210000712119e-11
5.256953166427840258e-11 6.437820554427985991e-11
1.343333515852711920e-11 8.038168987565899001e-11
-3.926728989586284317e-11 6.914678528170879156e-11
8.859487746600994260e-12 -4.274087115975687288e-12
8.348558677706562837e-11 5.631082584350061646e-12
6.292405374530574032e-11 4.969582031602978562e-11
1.133473354857678904e-11 1.842548681090556237e-11
4.399915701621840222e-11 -1.085308319405596359e-11
5.074656234909419881e-11 -1.795372235800586928e-11
-6.848643731492489330e-11 -4.248526356117768625e-11
3.271093316849414295e-11 -3.428287844085632869e-11
8.239003320856649477e-11 -5.839511445821748575e-11
6.410696909827809159e-11 3.743500132895911530e-12
1.153663133278217119e-11 -3.272660678169511242e-11
3.688858147515057026e-11 -1.997422306919206992e-11
2.732147674766593881e-11 2.438310660522548486e-11
7.184929952584541548e-11 -2.331880181013649073e-11
3.136857408745997891e-11 -4.616052857413827591e-11
2.761884395788679610e-11 -2.380930960324941932e-11
3.273970380516086234e-11 1.508928124314769398e-11
-9.227435958182793528e-12 7.402631682243817413e-12
-3.831261617483404385e-11 -4.904149427823309048e-11
-1.207161864516922548e-11 2.295607025899164924e-11
5.587107871589986775e-11 6.155915222016972198e-12
1.506519704620932931e-11 4.001832516158694126e-12
1.574644436666946789e-11 7.893120918771907484e-11
4.517473284337825212e-11 1.536109319109714570e-11
2.341689171934748045e-11 3.750123862238703002e-12
-2.533549863950998069e-11 7.549541484027802235e-11
9.513247015543617094e-12 2.191336275135315380e-11
2.348621210211478291e-11 -1.914144715747007885e-11
-5.511189837825725361e-12 3.702980376694777252e-11
-4.488967071074917986e-11 7.257272711352109614e-11
4.600097953349242290e-11 -3.431257341749268711e-11
-1.741809414955243604e-12 -2.165067457656924896e-11
1.402469727653153485e-11 -2.172628862532174531e-11
-3.265963384656091305e-11 -1.981976634400441234e-11
-5.643493133129189772e-12 5.413010436708784401e-12
-8.151184489284852374e-13 -2.704547427282274624e-11
-7.101002325831424218e-12 5.925435792824324268e-11
3.155138055583555477e-13 -4.805962473224718365e-11
-4.019915828783788223e-11 -2.256423036512649522e-11
5.432867433707855376e-11 3.850677966964001932e-11
-2.213648498632687316e-11 3.444045289037665748e-11
-1.630760558337028393e-11 3.121912837371938057e-12
5.665346112872425131e-11 -1.099634224946807365e-11
2.279682974139416979e-11 5.365086660650116749e-11
7.325299335368486342e-12 -1.096178560620688076e-11
-3.260749860599178753e-11 -1.929579821321628632e-11
5.782351244646274675e-11 1.569213679632395967e-11
-4.169095156404876632e-11 1.266856116042904121e-11
-7.181087327953354067e-11 4.138055437990268446e-11
2.171668301536351070e-12 -2.344353243279227539e-11
1.526028135206176388e-11 1.978335305098864588e-11
1.506028528077050721e-11 3.111481009351483052e-11
-4.386123999714338610e-11 2.743316320140211601e-11
2.995171317315176996e-11 9.869228601022683320e-11
1.794664020568096262e-11 1.291298500964512255e-10
-5.008648258047238573e-13 8.773164258560736294e-12
-4.549064454493847044e-11 8.101479170059227115e-11
-5.096538112171953550e-12 1.465663503262350356e-10
2.994438419445799297e-11 7.831351723358582065e-11
-8.788108891393570209e-12 8.460312109611781451e-11
3.255573485397685844e-11 1.479238521256975827e-10
5.627152057810899029e-11 1.042473026949660880e-10
6.840529476193069007e-11 4.094648298995957544e-11
2.534084489865965044e-11 6.184902397771935102e-11
-4.089089814767505734e-11 6.379409562115182822e-11
2.948258690753975302e-11 6.695527965394632485e-11
-2.274474142757324245e-11 1.061732022538437198e-10
-4.494210638559893879e-12 9.115629180061242077e-11
-8.393152442895005675e-13 1.218402534419737942e-10
-1.012863285306967276e-11 1.098003563071436872e-10
-7.981269216956425784e-12 1.260416451368381604e-10
5.949281940103340728e-12 9.684362454821991892e-11
8.976393913887444945e-12 1.171030523343980691e-10
5.400862408093993639e-11 7.930463662748314824e-11
6.382745514661129989e-11 6.942105025751845287e-11
1.500185459984188670e-11 1.864470266669090588e-10
1.281438919261849005e-11 5.101471308880231085e-11
9.858502688800793681e-11 1.056636959674759961e-10
4.234644167068677939e-11 7.864314905641529582e-11
5.785866262288307080e-11 7.088853714349545631e-11
-9.527468338075907784e-12 1.096541801803852019e-10
2.180218271791949618e-11 9.673875835312730728e-11
-3.035836709004107173e-11 1.411203072652712931e-10
8.200620420823717044e-12 4.726802409799850919e-11
